camera_matrix:
- [458.0319122909975, 0.0, 321.46010875322315]
- [0.0, 457.9087392059864, 239.92861958089617]
- [0.0, 0.0, 1.0]
distortion_coefficients:
- [0.02046629800459932, -0.11111494281023183, 0.000337018615239369, 3.351829064820801e-05,
  0.10670966580162787]
hand_eye_rpy: [1.3980464999932638, -0.06076799889701413, 89.3669684381836]
hand_eye_transformation_matrix:
- [0.011048254030525007, -0.9996415923860626, 0.0243848898857415, 0.06134002412888612]
- [0.9999384037066565, 0.011019096348775625, -0.0013297775152540936, -0.00993468966704045]
- [0.0010606014617640103, 0.024398079586697374, 0.9997017599449478, 0.031575895348543846]
- [0.0, 0.0, 0.0, 1.0]
inverse_hand_eye_rpy: [-0.07621332424542712, -1.3972897744203794, -89.36678049518643]
inverse_hand_eye_transformation_matrix:
- [0.011048254030523648, 0.9999384037066564, 0.001060601461762508, 0.009222888117403932]
- [-0.9996415923860571, 0.011019096348776878, 0.024398079586703418, 0.06065711949210001]
- [0.024384889885735166, -0.0013297775152555525, 0.999701759944942, -0.033075458812688086]
- [0.0, 0.0, 0.0, 1.0]
